{
 "cells": [
  {
   "cell_type": "code",
   "execution_count": 28,
   "id": "bfb79153-d06c-4b4a-9903-0afb02e8ae89",
   "metadata": {},
   "outputs": [],
   "source": [
    "import pandas as pd\n",
    "import plotly.express as px\n",
    "import numpy as np\n",
    "from sklearn.manifold import MDS\n",
    "from sklearn.cross_decomposition import CCA\n",
    "from itertools import combinations\n",
    "import matplotlib.pyplot as plt\n",
    "import seaborn as sns"
   ]
  },
  {
   "cell_type": "code",
   "execution_count": 2,
   "id": "ce2f6789-f0d2-4d72-baf5-4a263437c0d8",
   "metadata": {},
   "outputs": [],
   "source": [
    "distance_matrix_raw = pd.read_csv(\"../data/distance_matrix.csv\")\n",
    "distance_matrix = distance_matrix_raw.values\n",
    "labels = distance_matrix_raw.columns.tolist()"
   ]
  },
  {
   "cell_type": "code",
   "execution_count": 3,
   "id": "9309482b-3623-4627-9e4e-d4ddaf901a6a",
   "metadata": {
    "scrolled": true,
    "tags": []
   },
   "outputs": [
    {
     "name": "stdout",
     "output_type": "stream",
     "text": [
      "[(647, 36.14899100002157), (672, 36.168808204855715), (604, 36.17170420137036), (645, 36.18656168785771), (614, 36.18761408613946), (680, 36.219144047791254), (681, 36.22352007012533), (642, 36.22532126301649), (657, 36.22908004183385), (629, 36.23438371859026), (625, 36.25836126897329), (688, 36.25957050183476), (686, 36.26431780922391), (666, 36.26432867385557), (692, 36.26478545009342), (646, 36.27031552662681), (621, 36.27567104048174), (627, 36.284516987785395), (639, 36.28994660452686), (665, 36.294593926853544), (651, 36.31337754178899), (653, 36.3137560681352), (676, 36.322051802700855), (689, 36.32705576310068), (670, 36.3279360707246), (630, 36.34387854883242), (618, 36.346731533472614), (632, 36.34868885268246), (694, 36.35970357413367), (611, 36.36313405271154), (652, 36.3859658451029), (662, 36.3952781760564), (659, 36.39605570921588), (687, 36.403246686317594), (677, 36.40858189123222), (696, 36.42040684569623), (616, 36.421476326065715), (617, 36.43343960489805), (612, 36.472849773045326), (685, 36.47663004607181), (663, 36.502007988723264), (607, 36.51255708221452), (691, 36.59571244036634), (682, 36.607980363970974), (683, 36.721322165030486), (678, 36.847226114040616), (635, 36.851579667045606), (619, 36.87647119893303), (609, 36.89287773754674), (698, 36.98137570743311), (636, 36.99645789969072), (684, 37.058651110109444), (641, 37.12839175094026), (668, 37.703868538044546), (620, 37.70697705372811), (622, 37.70738597280736), (690, 37.75827573132558), (640, 37.805348073099736), (626, 37.80663476648018), (605, 38.09317108755702), (600, 38.53185816745143), (623, 38.578450239240006), (638, 38.61614278674048), (673, 38.65435555696322), (644, 39.18311411481347), (613, 39.192779680093096), (679, 39.21743927825752), (664, 39.30783362294632), (628, 39.73046146234035), (603, 40.04534039223559), (624, 40.23612799446723), (675, 40.252325634736934), (661, 40.292739505851564), (633, 40.308934661972025), (660, 40.39377871027694), (634, 40.48459115539506), (601, 40.67240538335836), (648, 40.75422801098404), (602, 40.76464356972617), (656, 41.81452787244883), (610, 42.350863528289715), (669, 42.57847735533523), (667, 42.59704851980654), (693, 42.93660122261103), (674, 43.54714198669287), (697, 43.681348288375425), (658, 44.22553189824119), (695, 44.23340198141152), (637, 44.33905477770101), (606, 44.621422980626825), (650, 44.881489943078854), (615, 45.25058107168508), (649, 45.29310562909983), (608, 45.64518837078202), (655, 46.102695720907576), (631, 47.22988873261213), (671, 50.612665314472444), (654, 50.85293274470706), (643, 52.97369732210392)]\n"
     ]
    }
   ],
   "source": [
    "def run_many_seeds(dist_matrix, seeds, **mds_kwargs):\n",
    "    results = []\n",
    "    rank = []\n",
    "    for seed in seeds:\n",
    "        mds = MDS(dissimilarity='precomputed',\n",
    "                  random_state=seed,\n",
    "                  **mds_kwargs)\n",
    "        coords = mds.fit_transform(dist_matrix)\n",
    "        results.append((seed, mds.stress_, coords))\n",
    "        # print(f\"seed {seed:3d}  stress {mds.stress_:,.2f}\")\n",
    "        rank.append((seed, mds.stress_))\n",
    "    # pick the best one\n",
    "    best_seed, best_stress, best_coords = min(results, key=lambda t: t[1])\n",
    "    \n",
    "    return best_coords, best_seed, best_stress, results, rank\n",
    "\n",
    "\n",
    "\n",
    "# example usage\n",
    "seeds   = range(600, 699)            # 0 … 99\n",
    "coords, seed, stress, log, rank = run_many_seeds(distance_matrix_raw, seeds,\n",
    "                                           n_components=2,\n",
    "                                           normalized_stress='auto',\n",
    "                                           max_iter=300)\n",
    "#print(f\"Best seed = {seed}, stress = {stress:,.4f}\")\n",
    "sorted_rank = sorted(rank, key = lambda x:x[1])\n",
    "print(sorted_rank)\n"
   ]
  },
  {
   "cell_type": "code",
   "execution_count": null,
   "id": "e74b429f-71b4-4890-89bf-4fd22a3ffb45",
   "metadata": {},
   "outputs": [],
   "source": [
    "sorted_log = sorted(log, key=lambda t: t[1])\n",
    "\n",
    "best = sorted_log[0]\n",
    "second_best = next(t for t in sorted_log[1:] if t[1] > best[1])\n",
    "worst = sorted_log[-1]\n",
    "\n",
    "selected = [(\"Best\", best), (\"Second Best\", second_best), (\"Worst\", worst)]\n",
    "\n",
    "for label, (seed, stress, coords) in selected:\n",
    "    mds_df = pd.DataFrame(coords, columns=[\"Dim1\", \"Dim2\"])\n",
    "    mds_df[\"Label\"] = labels  \n",
    "\n",
    "    fig = px.scatter(\n",
    "        mds_df, x=\"Dim1\", y=\"Dim2\", text=\"Label\",\n",
    "        title=f\"{label} (Seed {seed}, Stress {stress:.4f})\"\n",
    "    )\n",
    "    fig.update_traces(marker=dict(size=6, line=dict(width=1, color='black')))\n",
    "    fig.update_layout(margin=dict(l=0, r=0, b=0, t=30))\n",
    "    fig.show()"
   ]
  },
  {
   "cell_type": "code",
   "execution_count": null,
   "id": "8c17b4d7-5f84-4b95-8545-52872fde22a6",
   "metadata": {},
   "outputs": [],
   "source": []
  },
  {
   "cell_type": "markdown",
   "id": "eb01ffca-a9de-424b-a3b1-e756f4dab4de",
   "metadata": {},
   "source": [
    "## CCA"
   ]
  },
  {
   "cell_type": "code",
   "execution_count": null,
   "id": "790e1797-f32f-449c-b8cf-8ea1acd90b43",
   "metadata": {},
   "outputs": [],
   "source": [
    "# reference: https://stackoverflow.com/questions/69800500/how-to-calculate-correlation-coefficients-using-sklearn-cca-module"
   ]
  },
  {
   "cell_type": "code",
   "execution_count": 5,
   "id": "02784f49-fd5f-4d01-9b86-1e8d31a0f9cd",
   "metadata": {},
   "outputs": [
    {
     "data": {
      "text/plain": [
       "[647, 672, 604, 645, 614, 680, 681, 642, 657, 629]"
      ]
     },
     "execution_count": 5,
     "metadata": {},
     "output_type": "execute_result"
    }
   ],
   "source": [
    "top_10_seeds = [seed for seed, _ in sorted_rank[:10]]\n",
    "top_10_seeds"
   ]
  },
  {
   "cell_type": "code",
   "execution_count": 36,
   "id": "c37904f6-7ac2-4a07-b1ef-17ca05da88fc",
   "metadata": {},
   "outputs": [],
   "source": [
    "top_coords_dict = {}\n",
    "for seed in top_10_seeds:\n",
    "    mds = MDS(dissimilarity='precomputed',\n",
    "              random_state=seed,\n",
    "              n_components=2,\n",
    "              normalized_stress='auto',\n",
    "              max_iter=300)\n",
    "    coords = mds.fit_transform(distance_matrix_raw)\n",
    "    top_coords_dict[seed] = coords\n",
    "cca_matrix_1 = np.zeros((10, 10))\n",
    "cca_matrix_2 = np.zeros((10, 10))\n",
    "seed_to_idx = {seed: i for i, seed in enumerate(top_10_seeds)}"
   ]
  },
  {
   "cell_type": "code",
   "execution_count": 38,
   "id": "5daf80ea-0fba-4f6c-b20c-ef8952773553",
   "metadata": {},
   "outputs": [],
   "source": [
    "# first correlation\n",
    "for (s1, s2) in combinations(top_10_seeds, 2):\n",
    "    X1 = top_coords_dict[s1]\n",
    "    X2 = top_coords_dict[s2]\n",
    "    \n",
    "    cca = CCA(n_components=2)\n",
    "    X1_c, X2_c = cca.fit_transform(X1, X2)\n",
    "    \n",
    "    corr1 = np.corrcoef(X1_c[:, 0], X2_c[:, 0])[0, 1]\n",
    "    corr2 = np.corrcoef(X1_c[:, 1], X2_c[:, 1])[0, 1]\n",
    "    \n",
    "    i, j = seed_to_idx[s1], seed_to_idx[s2]\n",
    "    cca_matrix_1[i, j] = corr1\n",
    "    cca_matrix_1[j, i] = corr1  # symmetric\n",
    "    cca_matrix_2[i, j] = corr2\n",
    "    cca_matrix_2[j, i] = corr2\n",
    "\n",
    "np.fill_diagonal(cca_matrix_1, 1.0)\n",
    "np.fill_diagonal(cca_matrix_2, 1.0)\n",
    "\n",
    "df1 = pd.DataFrame(cca_matrix_1, \n",
    "                  index=[f'seed {s}' for s in top_10_seeds], \n",
    "                  columns=[f'seed {s}' for s in top_10_seeds])\n",
    "\n",
    "df2 = pd.DataFrame(cca_matrix_2, \n",
    "                  index=[f'seed {s}' for s in top_10_seeds], \n",
    "                  columns=[f'seed {s}' for s in top_10_seeds])"
   ]
  },
  {
   "cell_type": "code",
   "execution_count": 39,
   "id": "89091a85-a5c6-4b69-957e-5664f14562d6",
   "metadata": {},
   "outputs": [
    {
     "data": {
      "text/html": [
       "<div>\n",
       "<style scoped>\n",
       "    .dataframe tbody tr th:only-of-type {\n",
       "        vertical-align: middle;\n",
       "    }\n",
       "\n",
       "    .dataframe tbody tr th {\n",
       "        vertical-align: top;\n",
       "    }\n",
       "\n",
       "    .dataframe thead th {\n",
       "        text-align: right;\n",
       "    }\n",
       "</style>\n",
       "<table border=\"1\" class=\"dataframe\">\n",
       "  <thead>\n",
       "    <tr style=\"text-align: right;\">\n",
       "      <th></th>\n",
       "      <th>seed 647</th>\n",
       "      <th>seed 672</th>\n",
       "      <th>seed 604</th>\n",
       "      <th>seed 645</th>\n",
       "      <th>seed 614</th>\n",
       "      <th>seed 680</th>\n",
       "      <th>seed 681</th>\n",
       "      <th>seed 642</th>\n",
       "      <th>seed 657</th>\n",
       "      <th>seed 629</th>\n",
       "    </tr>\n",
       "  </thead>\n",
       "  <tbody>\n",
       "    <tr>\n",
       "      <th>seed 647</th>\n",
       "      <td>1.000000</td>\n",
       "      <td>0.999959</td>\n",
       "      <td>0.999949</td>\n",
       "      <td>0.999969</td>\n",
       "      <td>0.999782</td>\n",
       "      <td>0.999641</td>\n",
       "      <td>0.999739</td>\n",
       "      <td>0.999941</td>\n",
       "      <td>0.999645</td>\n",
       "      <td>0.999927</td>\n",
       "    </tr>\n",
       "    <tr>\n",
       "      <th>seed 672</th>\n",
       "      <td>0.999959</td>\n",
       "      <td>1.000000</td>\n",
       "      <td>0.999879</td>\n",
       "      <td>0.999955</td>\n",
       "      <td>0.999787</td>\n",
       "      <td>0.999745</td>\n",
       "      <td>0.999839</td>\n",
       "      <td>0.999856</td>\n",
       "      <td>0.999697</td>\n",
       "      <td>0.999893</td>\n",
       "    </tr>\n",
       "    <tr>\n",
       "      <th>seed 604</th>\n",
       "      <td>0.999949</td>\n",
       "      <td>0.999879</td>\n",
       "      <td>1.000000</td>\n",
       "      <td>0.999934</td>\n",
       "      <td>0.999712</td>\n",
       "      <td>0.999740</td>\n",
       "      <td>0.999845</td>\n",
       "      <td>0.999875</td>\n",
       "      <td>0.999403</td>\n",
       "      <td>0.999917</td>\n",
       "    </tr>\n",
       "    <tr>\n",
       "      <th>seed 645</th>\n",
       "      <td>0.999969</td>\n",
       "      <td>0.999955</td>\n",
       "      <td>0.999934</td>\n",
       "      <td>1.000000</td>\n",
       "      <td>0.999768</td>\n",
       "      <td>0.999716</td>\n",
       "      <td>0.999832</td>\n",
       "      <td>0.999877</td>\n",
       "      <td>0.999717</td>\n",
       "      <td>0.999934</td>\n",
       "    </tr>\n",
       "    <tr>\n",
       "      <th>seed 614</th>\n",
       "      <td>0.999782</td>\n",
       "      <td>0.999787</td>\n",
       "      <td>0.999712</td>\n",
       "      <td>0.999768</td>\n",
       "      <td>1.000000</td>\n",
       "      <td>0.999756</td>\n",
       "      <td>0.999908</td>\n",
       "      <td>0.999954</td>\n",
       "      <td>0.999857</td>\n",
       "      <td>0.999896</td>\n",
       "    </tr>\n",
       "    <tr>\n",
       "      <th>seed 680</th>\n",
       "      <td>0.999641</td>\n",
       "      <td>0.999745</td>\n",
       "      <td>0.999740</td>\n",
       "      <td>0.999716</td>\n",
       "      <td>0.999756</td>\n",
       "      <td>1.000000</td>\n",
       "      <td>0.999779</td>\n",
       "      <td>0.999932</td>\n",
       "      <td>0.999327</td>\n",
       "      <td>0.999834</td>\n",
       "    </tr>\n",
       "    <tr>\n",
       "      <th>seed 681</th>\n",
       "      <td>0.999739</td>\n",
       "      <td>0.999839</td>\n",
       "      <td>0.999845</td>\n",
       "      <td>0.999832</td>\n",
       "      <td>0.999908</td>\n",
       "      <td>0.999779</td>\n",
       "      <td>1.000000</td>\n",
       "      <td>0.999909</td>\n",
       "      <td>0.999332</td>\n",
       "      <td>0.999900</td>\n",
       "    </tr>\n",
       "    <tr>\n",
       "      <th>seed 642</th>\n",
       "      <td>0.999941</td>\n",
       "      <td>0.999856</td>\n",
       "      <td>0.999875</td>\n",
       "      <td>0.999877</td>\n",
       "      <td>0.999954</td>\n",
       "      <td>0.999932</td>\n",
       "      <td>0.999909</td>\n",
       "      <td>1.000000</td>\n",
       "      <td>0.999618</td>\n",
       "      <td>0.999882</td>\n",
       "    </tr>\n",
       "    <tr>\n",
       "      <th>seed 657</th>\n",
       "      <td>0.999645</td>\n",
       "      <td>0.999697</td>\n",
       "      <td>0.999403</td>\n",
       "      <td>0.999717</td>\n",
       "      <td>0.999857</td>\n",
       "      <td>0.999327</td>\n",
       "      <td>0.999332</td>\n",
       "      <td>0.999618</td>\n",
       "      <td>1.000000</td>\n",
       "      <td>0.999694</td>\n",
       "    </tr>\n",
       "    <tr>\n",
       "      <th>seed 629</th>\n",
       "      <td>0.999927</td>\n",
       "      <td>0.999893</td>\n",
       "      <td>0.999917</td>\n",
       "      <td>0.999934</td>\n",
       "      <td>0.999896</td>\n",
       "      <td>0.999834</td>\n",
       "      <td>0.999900</td>\n",
       "      <td>0.999882</td>\n",
       "      <td>0.999694</td>\n",
       "      <td>1.000000</td>\n",
       "    </tr>\n",
       "  </tbody>\n",
       "</table>\n",
       "</div>"
      ],
      "text/plain": [
       "          seed 647  seed 672  seed 604  seed 645  seed 614  seed 680  \\\n",
       "seed 647  1.000000  0.999959  0.999949  0.999969  0.999782  0.999641   \n",
       "seed 672  0.999959  1.000000  0.999879  0.999955  0.999787  0.999745   \n",
       "seed 604  0.999949  0.999879  1.000000  0.999934  0.999712  0.999740   \n",
       "seed 645  0.999969  0.999955  0.999934  1.000000  0.999768  0.999716   \n",
       "seed 614  0.999782  0.999787  0.999712  0.999768  1.000000  0.999756   \n",
       "seed 680  0.999641  0.999745  0.999740  0.999716  0.999756  1.000000   \n",
       "seed 681  0.999739  0.999839  0.999845  0.999832  0.999908  0.999779   \n",
       "seed 642  0.999941  0.999856  0.999875  0.999877  0.999954  0.999932   \n",
       "seed 657  0.999645  0.999697  0.999403  0.999717  0.999857  0.999327   \n",
       "seed 629  0.999927  0.999893  0.999917  0.999934  0.999896  0.999834   \n",
       "\n",
       "          seed 681  seed 642  seed 657  seed 629  \n",
       "seed 647  0.999739  0.999941  0.999645  0.999927  \n",
       "seed 672  0.999839  0.999856  0.999697  0.999893  \n",
       "seed 604  0.999845  0.999875  0.999403  0.999917  \n",
       "seed 645  0.999832  0.999877  0.999717  0.999934  \n",
       "seed 614  0.999908  0.999954  0.999857  0.999896  \n",
       "seed 680  0.999779  0.999932  0.999327  0.999834  \n",
       "seed 681  1.000000  0.999909  0.999332  0.999900  \n",
       "seed 642  0.999909  1.000000  0.999618  0.999882  \n",
       "seed 657  0.999332  0.999618  1.000000  0.999694  \n",
       "seed 629  0.999900  0.999882  0.999694  1.000000  "
      ]
     },
     "execution_count": 39,
     "metadata": {},
     "output_type": "execute_result"
    }
   ],
   "source": [
    "# first cc\n",
    "df1"
   ]
  },
  {
   "cell_type": "code",
   "execution_count": 40,
   "id": "ebed3bec-d8a3-4170-9659-71bfe165d793",
   "metadata": {},
   "outputs": [
    {
     "data": {
      "text/html": [
       "<div>\n",
       "<style scoped>\n",
       "    .dataframe tbody tr th:only-of-type {\n",
       "        vertical-align: middle;\n",
       "    }\n",
       "\n",
       "    .dataframe tbody tr th {\n",
       "        vertical-align: top;\n",
       "    }\n",
       "\n",
       "    .dataframe thead th {\n",
       "        text-align: right;\n",
       "    }\n",
       "</style>\n",
       "<table border=\"1\" class=\"dataframe\">\n",
       "  <thead>\n",
       "    <tr style=\"text-align: right;\">\n",
       "      <th></th>\n",
       "      <th>seed 647</th>\n",
       "      <th>seed 672</th>\n",
       "      <th>seed 604</th>\n",
       "      <th>seed 645</th>\n",
       "      <th>seed 614</th>\n",
       "      <th>seed 680</th>\n",
       "      <th>seed 681</th>\n",
       "      <th>seed 642</th>\n",
       "      <th>seed 657</th>\n",
       "      <th>seed 629</th>\n",
       "    </tr>\n",
       "  </thead>\n",
       "  <tbody>\n",
       "    <tr>\n",
       "      <th>seed 647</th>\n",
       "      <td>1.000000</td>\n",
       "      <td>0.999643</td>\n",
       "      <td>0.999923</td>\n",
       "      <td>0.999546</td>\n",
       "      <td>0.999641</td>\n",
       "      <td>0.999221</td>\n",
       "      <td>0.998737</td>\n",
       "      <td>0.999058</td>\n",
       "      <td>0.999540</td>\n",
       "      <td>0.999058</td>\n",
       "    </tr>\n",
       "    <tr>\n",
       "      <th>seed 672</th>\n",
       "      <td>0.999643</td>\n",
       "      <td>1.000000</td>\n",
       "      <td>0.999847</td>\n",
       "      <td>0.999749</td>\n",
       "      <td>0.998534</td>\n",
       "      <td>0.998020</td>\n",
       "      <td>0.996845</td>\n",
       "      <td>0.998128</td>\n",
       "      <td>0.998571</td>\n",
       "      <td>0.998501</td>\n",
       "    </tr>\n",
       "    <tr>\n",
       "      <th>seed 604</th>\n",
       "      <td>0.999923</td>\n",
       "      <td>0.999847</td>\n",
       "      <td>1.000000</td>\n",
       "      <td>0.999737</td>\n",
       "      <td>0.999237</td>\n",
       "      <td>0.998824</td>\n",
       "      <td>0.998004</td>\n",
       "      <td>0.998848</td>\n",
       "      <td>0.999399</td>\n",
       "      <td>0.999061</td>\n",
       "    </tr>\n",
       "    <tr>\n",
       "      <th>seed 645</th>\n",
       "      <td>0.999546</td>\n",
       "      <td>0.999749</td>\n",
       "      <td>0.999737</td>\n",
       "      <td>1.000000</td>\n",
       "      <td>0.998495</td>\n",
       "      <td>0.998291</td>\n",
       "      <td>0.997100</td>\n",
       "      <td>0.998236</td>\n",
       "      <td>0.998459</td>\n",
       "      <td>0.998571</td>\n",
       "    </tr>\n",
       "    <tr>\n",
       "      <th>seed 614</th>\n",
       "      <td>0.999641</td>\n",
       "      <td>0.998534</td>\n",
       "      <td>0.999237</td>\n",
       "      <td>0.998495</td>\n",
       "      <td>1.000000</td>\n",
       "      <td>0.999078</td>\n",
       "      <td>0.999457</td>\n",
       "      <td>0.999076</td>\n",
       "      <td>0.999664</td>\n",
       "      <td>0.998432</td>\n",
       "    </tr>\n",
       "    <tr>\n",
       "      <th>seed 680</th>\n",
       "      <td>0.999221</td>\n",
       "      <td>0.998020</td>\n",
       "      <td>0.998824</td>\n",
       "      <td>0.998291</td>\n",
       "      <td>0.999078</td>\n",
       "      <td>1.000000</td>\n",
       "      <td>0.999390</td>\n",
       "      <td>0.998690</td>\n",
       "      <td>0.999679</td>\n",
       "      <td>0.998931</td>\n",
       "    </tr>\n",
       "    <tr>\n",
       "      <th>seed 681</th>\n",
       "      <td>0.998737</td>\n",
       "      <td>0.996845</td>\n",
       "      <td>0.998004</td>\n",
       "      <td>0.997100</td>\n",
       "      <td>0.999457</td>\n",
       "      <td>0.999390</td>\n",
       "      <td>1.000000</td>\n",
       "      <td>0.998957</td>\n",
       "      <td>0.999573</td>\n",
       "      <td>0.998233</td>\n",
       "    </tr>\n",
       "    <tr>\n",
       "      <th>seed 642</th>\n",
       "      <td>0.999058</td>\n",
       "      <td>0.998128</td>\n",
       "      <td>0.998848</td>\n",
       "      <td>0.998236</td>\n",
       "      <td>0.999076</td>\n",
       "      <td>0.998690</td>\n",
       "      <td>0.998957</td>\n",
       "      <td>1.000000</td>\n",
       "      <td>0.999634</td>\n",
       "      <td>0.998591</td>\n",
       "    </tr>\n",
       "    <tr>\n",
       "      <th>seed 657</th>\n",
       "      <td>0.999540</td>\n",
       "      <td>0.998571</td>\n",
       "      <td>0.999399</td>\n",
       "      <td>0.998459</td>\n",
       "      <td>0.999664</td>\n",
       "      <td>0.999679</td>\n",
       "      <td>0.999573</td>\n",
       "      <td>0.999634</td>\n",
       "      <td>1.000000</td>\n",
       "      <td>0.998153</td>\n",
       "    </tr>\n",
       "    <tr>\n",
       "      <th>seed 629</th>\n",
       "      <td>0.999058</td>\n",
       "      <td>0.998501</td>\n",
       "      <td>0.999061</td>\n",
       "      <td>0.998571</td>\n",
       "      <td>0.998432</td>\n",
       "      <td>0.998931</td>\n",
       "      <td>0.998233</td>\n",
       "      <td>0.998591</td>\n",
       "      <td>0.998153</td>\n",
       "      <td>1.000000</td>\n",
       "    </tr>\n",
       "  </tbody>\n",
       "</table>\n",
       "</div>"
      ],
      "text/plain": [
       "          seed 647  seed 672  seed 604  seed 645  seed 614  seed 680  \\\n",
       "seed 647  1.000000  0.999643  0.999923  0.999546  0.999641  0.999221   \n",
       "seed 672  0.999643  1.000000  0.999847  0.999749  0.998534  0.998020   \n",
       "seed 604  0.999923  0.999847  1.000000  0.999737  0.999237  0.998824   \n",
       "seed 645  0.999546  0.999749  0.999737  1.000000  0.998495  0.998291   \n",
       "seed 614  0.999641  0.998534  0.999237  0.998495  1.000000  0.999078   \n",
       "seed 680  0.999221  0.998020  0.998824  0.998291  0.999078  1.000000   \n",
       "seed 681  0.998737  0.996845  0.998004  0.997100  0.999457  0.999390   \n",
       "seed 642  0.999058  0.998128  0.998848  0.998236  0.999076  0.998690   \n",
       "seed 657  0.999540  0.998571  0.999399  0.998459  0.999664  0.999679   \n",
       "seed 629  0.999058  0.998501  0.999061  0.998571  0.998432  0.998931   \n",
       "\n",
       "          seed 681  seed 642  seed 657  seed 629  \n",
       "seed 647  0.998737  0.999058  0.999540  0.999058  \n",
       "seed 672  0.996845  0.998128  0.998571  0.998501  \n",
       "seed 604  0.998004  0.998848  0.999399  0.999061  \n",
       "seed 645  0.997100  0.998236  0.998459  0.998571  \n",
       "seed 614  0.999457  0.999076  0.999664  0.998432  \n",
       "seed 680  0.999390  0.998690  0.999679  0.998931  \n",
       "seed 681  1.000000  0.998957  0.999573  0.998233  \n",
       "seed 642  0.998957  1.000000  0.999634  0.998591  \n",
       "seed 657  0.999573  0.999634  1.000000  0.998153  \n",
       "seed 629  0.998233  0.998591  0.998153  1.000000  "
      ]
     },
     "execution_count": 40,
     "metadata": {},
     "output_type": "execute_result"
    }
   ],
   "source": [
    "# second cc\n",
    "df2"
   ]
  },
  {
   "cell_type": "code",
   "execution_count": null,
   "id": "61490126-2d8e-4484-a1d0-788a564b7166",
   "metadata": {},
   "outputs": [],
   "source": []
  },
  {
   "cell_type": "code",
   "execution_count": null,
   "id": "349519d8-3a19-41f8-b618-b92686f4ad92",
   "metadata": {},
   "outputs": [],
   "source": [
    "### testing"
   ]
  },
  {
   "cell_type": "code",
   "execution_count": null,
   "id": "9f798d9e-ea54-4a73-a7d5-4dcde227c8c6",
   "metadata": {},
   "outputs": [],
   "source": [
    "cca = CCA(n_components=2)\n",
    "X1_c, X2_c = cca.fit_transform(top_coords_dict[647], top_coords_dict[672])"
   ]
  },
  {
   "cell_type": "code",
   "execution_count": 21,
   "id": "08fa037a-5f51-422a-9332-8586bded035c",
   "metadata": {},
   "outputs": [
    {
     "data": {
      "text/plain": [
       "0.9672557977080001"
      ]
     },
     "execution_count": 21,
     "metadata": {},
     "output_type": "execute_result"
    }
   ],
   "source": [
    "score = cca.score(top_coords_dict[647], top_coords_dict[672])\n",
    "score"
   ]
  },
  {
   "cell_type": "code",
   "execution_count": null,
   "id": "29c55b38-7fc1-41e0-a494-0ac14a06cc41",
   "metadata": {},
   "outputs": [],
   "source": [
    "X1_c, X2_c = cca.transform(X1, X2)\n",
    "corrs = [np.corrcoef(X1_c[:, i], X2_c[:, i])[0, 1] for i in range(2)]\n",
    "print(f\"First: {corrs[0]:.4f}, Second: {corrs[1]:.4f}, Sum of squares: {sum(c**2 for c in corrs):.4f}\")"
   ]
  },
  {
   "cell_type": "code",
   "execution_count": 20,
   "id": "c58afc98-4166-4ee1-9f03-bfa5dc35adcd",
   "metadata": {},
   "outputs": [
    {
     "name": "stdout",
     "output_type": "stream",
     "text": [
      "First canonical correlation:  1.0000\n",
      "Second canonical correlation: 0.9996\n"
     ]
    }
   ],
   "source": [
    "# Fit CCA\n",
    "cca = CCA(n_components=2)\n",
    "cca.fit(top_coords_dict[647], top_coords_dict[672])\n",
    "\n",
    "# Transform both MDS results into canonical space\n",
    "X1_c, X2_c = cca.transform(top_coords_dict[647], top_coords_dict[672])\n",
    "\n",
    "# Compute first and second canonical correlations\n",
    "first_corr = np.corrcoef(X1_c[:, 0], X2_c[:, 0])[0, 1]\n",
    "second_corr = np.corrcoef(X1_c[:, 1], X2_c[:, 1])[0, 1]\n",
    "\n",
    "print(f\"First canonical correlation:  {first_corr:.4f}\")\n",
    "print(f\"Second canonical correlation: {second_corr:.4f}\")\n"
   ]
  },
  {
   "cell_type": "code",
   "execution_count": null,
   "id": "489aaf18-2374-471e-a54d-fd8b06310a6b",
   "metadata": {},
   "outputs": [],
   "source": [
    "plt.figure(figsize=(10, 8))\n",
    "sns.heatmap(df, \n",
    "            annot=True, \n",
    "            fmt=\".5f\", \n",
    "            cmap='viridis', \n",
    "            square=True,\n",
    "            cbar_kws={'label': 'Canonical Corr'})\n",
    "plt.title('Pairwise Canonical Correlation (First Component)')\n",
    "plt.tight_layout()\n",
    "plt.show()"
   ]
  }
 ],
 "metadata": {
  "kernelspec": {
   "display_name": "Python 3 (ipykernel)",
   "language": "python",
   "name": "python3"
  },
  "language_info": {
   "codemirror_mode": {
    "name": "ipython",
    "version": 3
   },
   "file_extension": ".py",
   "mimetype": "text/x-python",
   "name": "python",
   "nbconvert_exporter": "python",
   "pygments_lexer": "ipython3",
   "version": "3.9.18"
  }
 },
 "nbformat": 4,
 "nbformat_minor": 5
}
